0 143 102 111 152 67 118 151 159 167 144 156 84 63 92 103 138 146 174 188 
143 0 104 161 160 181 196 191 68 121 147 191 168 153 148 142 76 134 89 169 
102 104 0 197 73 106 123 101 196 193 66 81 136 185 189 183 111 68 56 117 
111 161 197 0 198 61 57 98 129 72 183 121 101 172 146 109 136 182 146 103 
152 160 73 198 0 169 153 135 137 67 132 127 193 129 143 94 153 80 51 163 
67 181 106 61 169 0 76 152 53 175 111 60 150 188 156 113 56 104 145 196 
118 196 123 57 153 76 0 95 142 163 110 56 169 183 157 187 129 65 66 130 
151 191 101 98 135 152 95 0 123 200 146 132 96 136 175 182 163 167 144 176 
159 68 196 129 137 53 142 123 0 137 177 121 98 140 183 149 69 52 79 197 
167 121 193 72 67 175 163 200 137 0 173 77 165 190 190 134 138 119 98 167 
144 147 66 183 132 111 110 146 177 173 0 141 109 67 110 81 138 63 75 136 
156 191 81 121 127 60 56 132 121 77 141 0 200 145 94 93 71 74 118 55 
84 168 136 101 193 150 169 96 98 165 109 200 0 81 114 143 111 172 160 146 
63 153 185 172 129 188 183 136 140 190 67 145 81 0 53 56 118 111 130 198 
92 148 189 146 143 156 157 175 183 190 110 94 114 53 0 57 184 198 197 85
103 142 183 109 94 113 187 182 149 134 81 93 143 56 57 0 145 110 133 149
138 76 111 136 153 56 129 163 69 138 138 71 111 118 184 145 0 80 78 136
146 134 68 182 80 104 65 167 52 119 63 74 172 111 198 110 80 0 56 130 
174 89 56 146 51 145 66 144 79 98 75 118 160 130 197 133 78 56 0 173
188 169 117 103 163 196 130 176 197 167 136 55 146 198 85 149 136 130 173 0
Testcase 1: 1335 1849
( 1, 1.38502 )
0 147 149 164 78 160 200 148 175 129 102 110 162 107 183 177 112 185 153 104
147 0 78 174 166 190 82 53 88 69 180 124 65 56 140 98 188 116 171 71
149 78 0 111 165 126 110 90 123 106 171 198 180 199 121 138 111 140 69 169
164 174 111 0 89 98 63 69 86 160 99 72 112 96 135 176 59 116 159 185
78 166 165 89 0 130 98 137 155 153 85 126 170 189 122 83 118 94 100 65
160 190 126 98 130 0 158 196 127 188 87 110 95 159 175 122 177 82 194 132
200 82 110 63 98 158 0 75 89 100 185 175 196 138 159 180 139 169 62 113
148 53 90 69 137 196 75 0 71 112 147 90 64 146 105 79 151 75 147 103
175 88 123 86 155 127 89 71 0 133 114 127 137 69 116 126 193 157 167 74
129 69 106 160 153 188 100 112 133 0 185 187 148 77 163 154 161 89 125 110
102 180 171 99 85 87 185 147 114 185 0 63 132 83 86 116 89 152 64 167 
110 124 198 72 126 110 175 90 127 187 63 0 118 122 111 93 189 155 199 144
162 65 180 112 170 95 196 64 137 148 132 118 0 85 158 109 115 58 101 76
107 56 199 96 189 159 138 146 69 77 83 122 85 0 155 141 122 147 155 91
183 140 121 135 122 175 159 105 116 163 86 111 158 155 0 70 170 152 141 117
177 98 138 176 83 122 180 79 126 154 116 93 109 141 70 0 199 144 94 71
112 188 111 59 118 177 139 151 193 161 89 189 115 122 170 199 0 103 171 145
185 116 140 116 94 82 169 75 157 89 152 155 58 147 152 144 103 0 154 87
153 171 69 159 100 194 62 147 167 125 64 199 101 155 141 94 171 154 0 108
104 71 169 185 65 132 113 103 74 110 167 144 76 91 117 71 145 87 108 0
Testcase 2: 1476 1830
( 2, 1.23984 )
0 120 178 107 168 190 195 187 108 86 146 108 145 191 95 118 117 121 156 52
120 0 133 158 58 58 56 129 198 180 166 135 156 187 87 162 102 81 56 172
178 133 0 120 107 112 71 167 104 106 196 193 56 196 69 80 125 136 142 124
107 158 120 0 152 136 184 101 61 154 95 84 154 86 132 190 195 177 135 167
168 58 107 152 0 86 148 117 130 76 127 91 170 196 150 193 200 187 194 156
190 58 112 136 86 0 79 77 58 130 160 115 126 165 130 91 152 146 160 64
195 56 71 184 148 79 0 104 195 122 146 136 81 188 193 113 98 108 56 142
187 129 167 101 117 77 104 0 104 112 167 167 112 176 172 104 69 87 105 121
108 198 104 61 130 58 195 104 0 132 186 50 163 169 128 82 60 79 99 116
86 180 106 154 76 130 122 112 132 0 196 182 85 91 177 190 148 175 152 54
146 166 196 95 127 160 146 167 186 196 0 163 64 193 174 169 150 166 141 120
108 135 193 84 91 115 136 167 50 182 163 0 176 103 116 59 81 118 187 192
145 156 56 154 170 126 81 112 163 85 64 176 0 175 149 102 161 186 117 116
191 187 196 86 196 165 188 176 169 91 193 103 175 0 174 135 127 132 109 95 
95 87 69 132 150 130 193 172 128 177 174 116 149 174 0 95 130 100 136 68
118 162 80 190 193 91 113 104 82 190 169 59 102 135 95 0 61 81 90 180
117 102 125 195 200 152 98 69 60 148 150 81 161 127 130 61 0 52 66 190
121 81 136 177 187 146 108 87 79 175 166 118 186 132 100 81 52 0 75 169
156 56 142 135 194 160 56 105 99 152 141 187 117 109 136 90 66 75 0 174
52 172 124 167 156 64 142 121 116 54 120 192 116 95 68 180 190 169 174 0
Testcase 3: 1377 2009
( 3, 1.45897 )
0 183 100 113 98 155 153 125 175 125 150 108 180 186 145 149 151 163 106 194
183 0 113 111 160 187 191 116 127 144 158 98 64 171 109 64 64 85 158 188
100 113 0 71 134 155 177 110 157 89 61 151 188 179 50 106 168 170 199 197
113 111 71 0 178 190 59 102 92 73 149 149 50 131 122 181 192 123 138 140
98 160 134 178 0 60 186 113 171 128 53 149 81 180 68 131 69 61 131 94
155 187 155 190 60 0 199 124 184 142 80 119 61 121 172 129 185 150 56 88 
153 191 177 59 186 199 0 82 178 97 103 93 113 94 189 189 174 148 58 119
125 116 110 102 113 124 82 0 186 127 156 200 150 90 167 199 192 129 117 180
175 127 157 92 171 184 178 186 0 95 106 192 112 84 106 141 186 100 160 184
125 144 89 73 128 142 97 127 95 0 117 123 159 137 170 165 187 190 104 171
150 158 61 149 53 80 103 156 106 117 0 99 131 193 175 170 135 67 102 167
108 98 151 149 149 119 93 200 192 123 99 0 103 172 145 172 116 197 186 197
180 64 188 50 81 61 113 150 112 159 131 103 0 174 170 186 163 193 182 128
186 171 179 131 180 121 94 90 84 137 193 172 174 0 135 147 190 133 129 103
145 109 50 122 68 172 189 167 106 170 175 145 170 135 0 63 124 153 191 73
149 64 106 181 131 129 189 199 141 165 170 172 186 147 63 0 64 107 107 142 
151 64 168 192 69 185 174 192 186 187 135 116 163 190 124 64 0 97 199 139
163 85 170 123 61 150 148 129 100 190 67 197 193 133 153 107 97 0 137 160
106 158 199 138 131 56 58 117 160 104 102 186 182 129 191 107 199 137 0 122
194 188 197 140 94 88 119 180 184 171 167 197 128 103 73 142 139 160 122 0
Testcase 4: 1493 1872
( 4, 1.25385 )
0 68 118 147 73 77 50 74 200 83 118 159 155 195 179 153 84 136 172 115
68 0 57 119 140 126 107 52 182 139 144 156 136 84 92 144 74 184 167 192
118 57 0 97 152 85 124 130 106 200 115 136 77 96 164 143 91 179 110 143
147 119 97 0 173 164 197 144 54 156 150 124 112 97 172 151 147 53 161 71
73 140 152 173 0 139 94 94 150 118 197 127 91 183 110 79 156 122 83 134
77 126 85 164 139 0 111 160 172 165 157 81 127 91 98 146 52 148 84 168
50 107 124 197 94 111 0 75 189 154 164 149 155 51 97 117 133 65 190 178
74 52 130 144 94 160 75 0 188 168 55 195 179 132 98 148 141 123 194 168
200 182 106 54 150 172 189 188 0 188 137 159 113 186 183 128 63 111 117 139
83 139 200 156 118 165 154 168 188 0 142 197 164 69 150 136 125 73 179 140
118 144 115 150 197 157 164 55 137 142 0 151 129 113 115 165 148 115 89 84
159 156 136 124 127 81 149 195 159 197 151 0 197 129 169 148 182 60 144 132
155 136 77 112 91 127 155 179 113 164 129 197 0 121 100 153 65 193 184 170
195 84 96 97 183 91 51 132 186 69 113 129 121 0 124 168 129 89 138 109 
179 92 164 172 110 98 97 98 183 150 115 169 100 124 0 76 135 136 96 193
153 144 143 151 79 146 117 148 128 136 165 148 153 168 76 0 172 187 66 74
84 74 91 147 156 52 133 141 63 125 148 182 65 129 135 172 0 146 121 81
136 184 179 53 122 148 65 123 111 73 115 60 193 89 136 187 146 0 190 119
172 167 110 161 83 84 190 194 117 179 89 144 184 138 96 66 121 190 0 98
115 192 143 71 134 168 178 168 139 140 84 132 170 109 193 74 81 119 98 0
Testcase 5: 1347 1802
( 5, 1.33779 )
0 120 124 132 99 110 132 163 78 97 131 139 181 180 104 197 200 53 139 88
120 0 100 118 168 150 155 126 171 163 57 173 196 192 128 191 197 162 91 92
124 100 0 198 110 141 99 78 195 171 164 92 55 60 97 176 165 98 100 190
132 118 198 0 174 172 131 121 108 143 146 98 106 102 133 123 179 147 90 76
99 168 110 174 0 196 178 195 153 184 64 151 172 149 200 188 184 189 56 196
110 150 141 172 196 0 55 108 116 115 58 128 74 165 151 103 72 109 178 57
132 155 99 131 178 55 0 57 145 134 85 119 81 65 66 59 105 145 97 183
163 126 78 121 195 108 57 0 123 88 161 121 74 91 171 79 72 108 111 107
78 171 195 108 153 116 145 123 0 51 119 145 186 163 125 75 95 135 85 160
97 163 171 143 184 115 134 88 51 0 166 114 60 80 94 169 127 163 191 163
131 57 164 146 64 58 85 161 119 166 0 119 164 186 67 167 127 119 184 79
139 173 92 98 151 128 119 121 145 114 119 0 54 143 97 102 60 192 81 87 
181 196 55 106 172 74 81 74 186 60 164 54 0 95 168 124 181 186 50 127
180 192 60 102 149 165 65 91 163 80 186 143 95 0 124 179 176 55 185 88
104 128 97 133 200 151 66 171 125 94 67 97 168 124 0 112 68 104 179 127
197 191 176 123 188 103 59 79 75 169 167 102 124 179 112 0 60 153 158 139
200 197 165 179 184 72 105 72 95 127 127 60 181 176 68 60 0 161 146 159
53 162 98 147 189 109 145 108 135 163 119 192 186 55 104 153 161 0 172 130
139 91 100 90 56 178 97 111 85 191 184 81 50 185 179 158 146 172 0 165
88 92 190 76 196 57 183 107 160 163 79 87 127 88 127 139 159 130 165 0
Testcase 6: 1321 1632
( 6, 1.23543 )
0 67 151 86 136 167 199 76 113 74 153 144 80 79 84 199 164 160 170 116
67 0 95 83 105 61 162 153 165 171 153 141 191 103 170 133 105 127 179 119
151 95 0 148 158 142 190 98 64 153 188 129 141 55 75 112 96 95 170 194
86 83 148 0 78 72 155 186 140 195 159 161 196 85 132 187 173 114 77 139
136 105 158 78 0 118 124 139 193 196 91 102 94 161 161 96 111 122 72 193
167 61 142 72 118 0 154 68 62 143 95 76 130 93 107 156 114 154 87 145
199 162 190 155 124 154 0 125 156 185 176 184 129 184 75 102 137 163 132 86
76 153 98 186 139 68 125 0 75 80 164 154 150 152 93 197 158 147 55 179
113 165 64 140 193 62 156 75 0 91 135 137 174 145 128 79 63 65 98 106
74 171 153 195 196 143 185 80 91 0 176 191 166 91 176 70 56 92 116 111
153 153 188 159 91 95 176 164 135 176 0 97 82 56 80 188 179 159 117 134 
144 141 129 161 102 76 184 154 137 191 97 0 104 140 168 172 176 170 155 193
80 191 141 196 94 130 129 150 174 166 82 104 0 111 68 63 81 72 56 182
79 103 55 85 161 93 184 152 145 91 56 140 111 0 109 92 138 141 178 188
84 170 75 132 161 107 75 93 128 176 80 168 68 109 0 128 129 98 60 130
199 133 112 187 96 156 102 197 79 70 188 172 63 92 128 0 52 84 99 113
164 105 96 173 111 114 137 158 63 56 179 176 81 138 129 52 0 61 73 134
160 127 95 114 122 154 163 147 65 92 159 170 72 141 98 84 61 0 92 115
170 179 170 77 72 87 132 55 98 116 117 155 56 178 60 99 73 92 0 190
116 119 194 139 193 145 86 179 106 111 134 193 182 188 130 113 134 115 190 0
Testcase 7: 1423 1912
( 7, 1.34364 )
0 199 128 150 135 103 191 88 122 115 196 192 177 192 146 65 90 90 121 161
199 0 81 96 69 111 81 103 177 186 109 59 142 56 200 54 141 86 57 198
128 81 0 109 170 184 60 116 87 61 198 145 179 128 190 193 82 65 63 168
150 96 109 0 104 124 60 80 112 148 81 105 192 125 122 92 138 161 200 132
135 69 170 104 0 89 86 185 199 159 186 118 96 79 160 100 94 131 87 108 
103 111 184 124 89 0 148 148 148 125 90 56 123 132 181 115 198 134 184 196
191 81 60 60 86 148 0 116 127 124 58 78 87 127 136 107 116 91 59 136
88 103 116 80 185 148 116 0 192 165 109 134 148 82 131 119 106 126 153 155
122 177 87 112 199 148 127 192 0 54 125 95 83 176 146 56 151 163 120 164
115 186 61 148 159 125 124 165 54 0 167 171 149 121 108 88 96 100 138 128
196 109 198 81 186 90 58 109 125 167 0 128 93 57 174 111 163 136 100 168
192 59 145 105 118 56 78 134 95 171 128 0 158 128 102 121 96 109 74 157
177 142 179 192 96 123 87 148 83 149 93 158 0 98 108 149 146 199 157 76
192 56 128 125 79 132 127 82 176 121 57 128 98 0 198 101 51 73 78 196
146 200 190 122 160 181 136 131 146 108 174 102 108 198 0 181 199 150 160 56
65 54 193 92 100 115 107 119 56 88 111 121 149 101 181 0 113 104 69 154 
90 141 82 138 94 198 116 106 151 96 163 96 146 51 199 113 0 72 82 164
90 86 65 161 131 134 91 126 163 100 136 109 199 73 150 104 72 0 57 200
121 57 63 200 87 184 59 153 120 138 100 74 157 78 160 69 82 57 0 186
161 198 168 132 108 196 136 155 164 128 168 157 76 196 56 154 164 200 186 0
Testcase 8: 1351 1770
( 8, 1.31014 )
0 110 144 175 186 106 199 175 148 169 118 75 183 154 175 95 120 71 85 156
110 0 111 77 144 145 87 169 167 200 180 199 73 121 76 149 87 118 176 65
144 111 0 163 77 84 182 97 168 161 74 111 150 118 110 64 171 59 69 96
175 77 163 0 148 92 104 65 144 149 64 75 149 117 188 142 190 130 118 109
186 144 77 148 0 142 103 167 98 109 189 174 64 150 155 153 51 126 90 116
106 145 84 92 142 0 191 173 187 110 183 155 118 108 110 167 141 153 156 77
199 87 182 104 103 191 0 100 84 95 73 125 149 181 160 147 135 178 200 139
175 169 97 65 167 173 100 0 138 129 81 62 165 123 143 58 74 94 50 176 
148 167 168 144 98 187 84 138 0 103 134 149 139 90 154 135 163 127 82 169
169 200 161 149 109 110 95 129 103 0 105 95 129 80 146 134 148 168 82 164
118 180 74 64 189 183 73 81 134 105 0 81 151 50 186 118 88 99 170 137
75 199 111 75 174 155 125 62 149 95 81 0 195 145 80 181 148 98 107 81
183 73 150 149 64 118 149 165 139 129 151 195 0 128 103 157 98 131 89 89
154 121 118 117 150 108 181 123 90 80 50 145 128 0 184 117 175 155 73 200
175 76 110 188 155 110 160 143 154 146 186 80 103 184 0 164 199 95 122 59
95 149 64 142 153 167 147 58 135 134 118 181 157 117 164 0 114 129 74 124
120 87 171 190 51 141 135 74 163 148 88 148 98 175 199 114 0 115 146 73
71 118 59 130 126 153 178 94 127 168 99 98 131 155 95 129 115 0 102 50 
85 176 69 118 90 156 200 50 82 82 170 107 89 73 122 74 146 102 0 128
156 65 96 109 116 77 139 176 169 164 137 81 89 200 59 124 73 50 128 0
Testcase 9: 1418 1760
( 9, 1.24118 )
0 90 183 196 91 94 78 172 160 61 130 80 144 77 126 74 157 198 164 127
90 0 134 58 166 142 53 168 117 60 112 135 90 122 109 194 143 56 63 102
183 134 0 121 85 77 161 191 148 101 185 146 170 183 99 70 79 103 111 82
196 58 121 0 178 192 105 129 121 81 177 186 113 168 166 191 174 135 160 110
91 166 85 178 0 119 136 152 112 81 126 107 95 62 118 166 62 182 194 123
94 142 77 192 119 0 126 165 155 107 169 154 189 194 198 72 179 161 157 155
78 53 161 105 136 126 0 174 145 159 130 163 81 61 149 59 132 61 79 146
172 168 191 129 152 165 174 0 179 82 77 116 161 138 159 111 95 94 143 196
160 117 148 121 112 155 145 179 0 114 63 57 63 117 192 174 134 192 196 143
61 60 101 81 81 107 159 82 114 0 105 121 74 109 102 127 135 189 170 196
130 112 185 177 126 169 130 77 63 105 0 64 92 93 127 102 122 188 153 127
80 135 146 186 107 154 163 116 57 121 64 0 88 114 190 109 81 111 92 116
144 90 170 113 95 189 81 161 63 74 92 88 0 76 94 142 171 187 196 137
77 122 183 168 62 194 61 138 117 109 93 114 76 0 95 198 95 122 153 178
126 109 99 166 118 198 149 159 192 102 127 190 94 95 0 131 62 140 184 168
74 194 70 191 166 72 59 111 174 127 102 109 142 198 131 0 139 146 181 181
157 143 79 174 62 179 132 95 134 135 122 81 171 95 62 139 0 180 180 164
198 56 103 135 182 161 61 94 192 189 188 111 187 122 140 146 180 0 51 66
164 63 111 160 194 157 79 143 196 170 153 92 196 153 184 181 180 51 0 78
127 102 82 110 123 155 146 196 143 196 127 116 137 178 168 181 164 66 78 0
Testcase 10: 1383 1782
( 10, 1.2885 )